 5  4  4  2  16  7  56  65  93  0.0
 0  12  5  1  19  60  69  39  26  96.0
 5  12  1  2  16  71  63  41  25  100.0
 3  8  6  3  18  25  6  65  53  32.0
 8  5  2  2  15  20  80  95  15  100.0
 8  12  7  3  15  50  62  68  30  72.0
 5  3  4  4  18  36  64  18  27  84.0
 5  7  2  2  18  84  38  11  93  0.0
 3  13  3  2  18  25  42  50  35  100.0
 2  2  8  3  18  17  62  93  0  56.0
 3  3  5  4  17  38  81  46  27  84.0
 0  14  8  3  18  58  52  27  17  28.0
 7  6  9  3  17  93  42  86  32  48.0
 3  2  2  1  18  16  37  3  78  68.0
 4  5  5  1  17  19  58  92  89  0.0
 5  7  2  1  17  6  85  91  10  100.0
 4  3  6  4  15  92  39  84  41  80.0
 2  4  6  3  19  8  44  67  5  64.0
 1  1  7  3  17  40  78  43  17  56.0
 0  7  8  4  17  65  27  17  92  4.0
 4  6  8  2  19  92  61  75  83  4.0
 2  7  8  4  16  80  20  75  7  88.0
 1  12  2  3  16  92  30  98  30  92.0
 0  11  5  1  15  78  70  2  70  52.0
 1  11  2  4  18  2  89  92  42  92.0
 2  11  4  1  17  98  10  48  14  100.0
 5  4  6  3  16  19  23  56  56  32.0
 7  3  1  1  15  53  33  89  44  92.0
 9  10  6  1  15  47  94  37  21  76.0
 9  8  1  4  18  50  5  99  63  64.0
 1  7  1  1  16  84  24  41  26  100.0
 7  10  9  2  18  43  31  8  58  4.0
 8  13  1  1  15  85  52  91  26  100.0
 1  3  3  3  18  90  40  85  95  4.0
 0  12  6  2  15  23  80  35  42  40.0
 7  2  9  2  17  76  53  68  19  48.0
 9  8  2  2  17  44  43  7  78  24.0
 7  3  6  2  18  58  70  78  84  0.0
 3  2  1  1  19  15  67  22  5  100.0
 9  3  2  4  17  4  49  29  90  28.0
 4  6  9  2  16  45  91  80  51  16.0
 2  8  9  4  16  20  3  8  77  8.0
 8  12  2  3  15  65  78  15  28  100.0
 2  11  2  4  15  40  53  62  34  100.0
 5  0  2  2  16  27  42  82  52  92.0
 7  7  4  3  15  21  83  24  83  4.0
 7  13  5  3  15  8  51  24  1  100.0
 8  7  8  4  17  12  10  94  2  48.0
 0  2  9  3  16  79  98  61  18  40.0
 1  8  1  3  18  59  88  72  60  24.0
 0  1  7  2  19  88  0  34  34  40.0
 5  6  4  2  19  54  33  16  49  64.0
 5  8  1  3  19  69  31  21  73  20.0
 3  7  2  3  16  34  52  31  92  0.0
 4  6  7  3  16  57  81  22  57  16.0
 9  7  3  3  18  99  45  78  62  52.0
 1  3  1  3  18  10  16  84  24  76.0
 7  1  3  3  18  65  71  82  79  48.0
 2  13  2  4  15  26  89  82  93  0.0
 9  6  4  4  17  99  83  43  25  100.0
 7  2  9  3  19  21  10  99  99  8.0
 6  7  7  1  17  69  12  4  98  0.0
 2  5  5  2  15  83  77  77  9  88.0
 6  7  7  4  16  70  12  48  35  60.0
 4  9  7  1  18  38  3  70  7  40.0
 1  11  8  2  17  7  24  24  35  36.0
 6  11  9  1  16  36  95  20  17  40.0
 5  3  1  1  17  52  93  91  95  0.0
 5  14  2  1  19  47  64  50  44  100.0
 2  11  3  4  19  16  40  92  98  0.0
 1  10  7  1  16  84  18  68  36  52.0
 0  13  7  4  15  85  40  61  85  0.0
 1  3  2  3  17  7  55  0  77  44.0
 5  8  5  4  18  10  63  19  19  96.0
 7  7  4  4  17  86  80  29  8  100.0
 0  10  2  1  18  54  61  78  28  100.0
 6  9  9  2  18  37  2  77  59  12.0
 8  1  1  3  17  63  58  29  33  84.0
 3  1  4  2  16  17  61  54  25  76.0
 8  12  2  4  18  95  64  19  8  100.0
 8  4  8  1  16  47  39  44  53  36.0
 9  5  6  3  18  50  26  40  49  56.0
 7  8  2  4  19  68  60  84  26  100.0
 5  7  1  1  15  90  45  61  82  16.0
 3  13  8  1  17  51  89  82  40  36.0
 5  14  3  2  18  44  91  77  14  100.0
 4  5  7  1  16  84  10  56  2  64.0
 7  5  3  4  19  62  60  47  8  100.0
 6  12  5  1  18  42  19  70  89  0.0
 6  13  2  4  18  24  33  4  22  100.0
 7  0  3  3  18  62  36  51  69  64.0
 3  6  8  2  17  54  1  96  50  40.0
 0  4  3  1  17  60  54  92  46  88.0
 2  3  4  3  19  66  6  92  7  68.0
 3  9  9  3  15  86  57  23  67  4.0
 2  1  7  1  17  22  37  86  55  44.0
 8  12  1  4  16  87  75  9  93  0.0
 2  2  7  4  18  23  1  28  9  64.0
 5  10  9  2  16  22  73  17  72  0.0
 2  9  2  1  18  11  29  28  38  100.0
 7  3  6  1  15  72  34  78  76  20.0
 6  13  3  3  18  46  84  51  67  24.0
 4  10  3  2  17  10  3  3  42  100.0
 3  2  2  3  19  6  86  29  0  100.0
 4  0  3  1  18  49  43  47  80  36.0
 0  13  9  4  15  94  77  21  63  0.0
 9  13  6  2  15  6  73  91  45  32.0
 9  4  1  2  17  44  4  26  98  0.0
 9  2  3  4  16  47  55  31  80  44.0
 9  4  4  1  19  62  28  37  80  4.0
 3  14  9  1  17  79  97  60  93  0.0
 9  14  7  3  16  90  72  18  49  40.0
 0  5  3  3  17  33  70  70  61  40.0
 5  8  3  1  18  46  41  25  91  0.0
 7  6  4  2  15  9  17  11  90  4.0
 4  6  2  3  18  34  1  47  48  100.0
 3  13  5  3  15  82  9  47  42  60.0
 6  7  8  4  15  76  22  7  22  76.0
 0  0  1  1  15  36  89  66  98  12.0
 4  6  6  2  16  75  77  17  83  4.0
 3  10  6  4  17  4  35  43  87  0.0
 7  12  5  3  19  0  98  46  47  32.0
 2  5  8  2  18  27  50  95  63  28.0
 1  9  2  1  17  82  25  89  65  100.0
 5  13  7  1  18  15  35  70  39  48.0
 3  7  3  2  17  63  36  76  74  24.0
 0  4  6  2  15  97  60  48  79  8.0
 8  1  6  3  16  66  29  59  62  60.0
 4  14  1  1  16  49  82  33  44  88.0
 8  6  9  3  16  87  54  82  28  68.0
 1  8  8  4  16  74  72  60  80  4.0
 8  3  2  4  16  36  6  93  95  16.0
 9  14  4  2  16  80  91  15  32  92.0
 7  5  7  4  18  80  25  70  56  48.0
 9  3  6  4  17  81  57  92  96  24.0
 0  10  2  4  19  41  62  33  43  92.0
 6  0  1  2  18  20  21  55  22  96.0
 9  1  3  4  15  17  54  29  68  80.0
 1  7  8  4  19  42  23  77  46  36.0
 0  7  9  2  18  96  41  97  38  24.0
 0  2  1  4  17  49  23  70  77  4.0
 7  6  3  1  19  91  16  4  50  100.0
 2  14  7  2  19  47  72  25  81  0.0
 3  0  9  3  17  3  44  73  5  56.0
 8  14  1  3  18  26  73  53  23  100.0
 9  1  1  1  19  99  32  64  22  96.0
 5  0  5  3  17  47  79  2  33  72.0
 9  4  9  2  17  57  57  69  21  32.0
 1  13  1  2  16  9  17  95  5  100.0
 3  5  2  4  16  32  37  19  41  96.0
 2  5  1  1  18  42  92  5  69  60.0
 9  11  2  1  18  1  92  66  38  100.0
 2  9  7  3  17  86  86  3  51  16.0
 9  4  4  4  18  32  92  35  80  8.0
 7  12  4  4  18  68  19  0  23  100.0
 2  13  7  1  19  6  4  66  13  48.0
 4  11  8  4  16  47  95  0  69  0.0
 7  1  2  3  16  64  16  47  84  32.0
 0  2  2  4  15  82  22  84  32  76.0
 2  3  9  1  16  11  54  51  4  52.0
 6  3  8  1  19  38  76  52  93  4.0
 1  14  8  3  17  90  12  81  87  0.0
 3  14  1  2  17  17  63  47  39  76.0
 7  5  5  4  17  48  56  65  2  100.0
 6  13  6  4  18  36  80  21  20  76.0
 9  3  7  4  18  90  5  55  17  88.0
 4  12  3  1  16  23  63  1  43  100.0
 9  9  8  2  19  89  44  75  39  52.0
 9  2  7  1  17  57  3  73  34  48.0
 0  8  7  4  18  10  67  77  7  56.0
 9  14  5  3  16  22  71  17  64  12.0
 0  14  1  3  17  57  42  55  81  4.0
 2  5  3  4  17  54  0  83  33  92.0
 0  7  3  2  18  81  21  37  92  0.0
 2  11  3  1  18  42  59  96  85  16.0
 5  0  4  4  19  83  48  34  21  84.0
 1  4  2  1  17  12  14  29  79  64.0
 5  11  9  3  16  40  46  52  39  28.0
 1  1  4  3  19  11  64  19  11  72.0
 4  7  1  3  15  37  84  89  52  68.0
 7  10  3  1  18  21  44  2  54  96.0
 1  3  6  4  19  57  2  25  27  52.0
 1  4  2  4  19  63  82  89  96  0.0
 6  14  4  2  18  95  56  37  59  24.0
 9  7  1  1  15  81  63  53  30  100.0
 7  8  1  3  19  99  96  13  98  8.0
 5  3  9  4  19  42  48  38  39  48.0
 4  1  6  2  16  89  85  68  68  44.0
 0  3  1  4  16  84  95  9  59  36.0
 4  2  5  2  15  76  41  0  79  28.0
 9  14  6  1  15  8  35  39  9  84.0
 7  2  2  3  17  39  30  0  73  56.0
 4  3  3  1  17  24  12  92  72  56.0
 5  0  9  4  15  53  10  23  36  32.0
 7  8  6  1  16  2  79  49  11  92.0
 0  1  9  1  16  49  59  69  17  48.0
 4  13  5  3  17  63  90  77  70  0.0
 5  10  6  1  15  4  55  64  61  32.0
 0  13  5  4  17  26  41  14  90  0.0
 9  13  9  2  17  20  77  24  95  0.0
 5  11  9  4  18  20  75  88  87  0.0
 3  4  4  1  18  64  34  41  61  64.0
 1  9  9  1  17  16  57  89  92  4.0
 2  11  1  1  16  30  13  60  29  100.0
 1  2  4  1  19  69  22  96  11  84.0
 3  9  9  3  16  38  26  61  45  36.0
 5  4  5  4  18  26  26  23  3  100.0
 3  12  7  3  19  35  98  63  73  0.0
 4  12  8  1  18  59  78  63  61  20.0
 3  4  3  4  17  42  26  48  12  100.0
 4  6  3  2  16  50  17  27  39  96.0
 3  9  5  3  18  32  10  85  77  0.0
 9  9  8  3  17  22  84  42  65  12.0
 3  6  3  1  15  78  2  24  41  96.0
 0  8  7  2  17  15  38  5  61  16.0
 6  10  2  1  15  89  96  76  31  100.0
 1  0  1  3  15  42  0  75  40  60.0
 8  10  5  1  18  43  12  25  33  96.0
 3  1  6  2  18  51  22  45  44  64.0
 0  5  6  2  16  47  59  32  46  32.0
 5  2  1  4  19  92  70  82  29  84.0
 5  7  4  4  15  29  25  71  98  0.0
 9  0  5  1  17  12  47  32  24  92.0
 8  2  4  1  19  2  17  77  80  32.0
 3  5  2  2  16  57  30  9  34  100.0
 3  0  4  1  15  44  27  80  78  40.0
 5  14  2  1  15  29  81  7  58  88.0
 1  14  6  2  19  73  79  42  50  24.0
 6  4  3  4  15  21  78  32  64  80.0
 1  4  8  1  19  2  70  82  23  44.0
 4  1  8  2  18  65  62  68  68  28.0
 2  11  9  3  15  39  50  50  33  32.0
 3  3  2  4  18  36  19  4  87  24.0
 3  2  9  2  16  83  86  95  55  40.0
 4  10  3  2  16  75  37  89  33  100.0
 7  3  6  4  15  65  47  65  50  76.0
 0  13  1  4  17  47  73  19  85  0.0
 1  12  1  3  19  57  36  45  1  100.0
 9  3  8  2  17  3  73  81  88  4.0
 0  5  7  4  16  31  42  38  11  32.0
 7  3  9  3  15  91  73  11  65  24.0
 5  1  8  3  17  51  23  99  17  44.0
 2  0  2  2  17  68  40  24  42  88.0
 2  0  3  2  18  64  72  86  32  88.0
 4  9  3  1  17  8  69  58  77  72.0
 1  14  3  2  17  34  65  11  58  44.0
 9  13  1  2  17  69  64  54  86  0.0
 9  8  9  2  19  39  33  20  46  16.0
 6  13  5  3  17  13  89  15  64  8.0
 7  9  2  3  15  99  93  39  88  4.0
 9  14  3  1  19  84  32  63  97  0.0
 5  2  5  2  17  66  36  33  3  100.0
 5  4  2  2  16  34  56  45  35  100.0
 5  2  2  1  15  68  50  76  3  100.0
 8  1  4  4  16  35  32  30  44  92.0
 5  14  9  1  18  98  40  86  22  40.0
 1  6  4  1  19  19  12  8  24  92.0
 6  9  2  4  19  32  82  93  92  0.0
 8  14  7  2  16  87  55  56  32  44.0
 3  5  3  3  19  81  50  71  35  96.0
 6  11  8  1  17  88  73  95  26  48.0
 9  12  2  4  19  82  97  26  57  96.0
 8  14  8  2  17  46  51  41  40  32.0
 8  0  8  4  16  94  77  98  27  76.0
 3  5  3  1  18  98  8  78  44  100.0
 8  12  1  4  19  92  30  60  42  96.0
 9  9  6  1  15  88  87  48  54  44.0
 4  5  6  4  17  90  65  62  3  76.0
 3  5  1  4  15  87  77  0  34  96.0
 2  5  6  4  16  17  16  52  79  4.0
 0  9  5  2  18  82  53  39  74  4.0
 1  13  8  3  18  17  21  62  13  48.0
 0  4  7  1  16  33  43  54  13  48.0
 6  4  6  3  15  78  20  29  20  76.0
 1  11  4  3  15  51  84  90  80  0.0
 5  1  4  2  19  35  62  55  46  72.0
 8  8  7  3  17  92  26  9  44  60.0
 6  9  5  1  16  59  32  12  62  52.0
 1  13  4  2  19  80  17  11  86  0.0
 2  3  4  2  17  23  8  12  89  24.0
 8  8  3  2  19  21  66  73  9  100.0
 3  14  2  1  16  29  57  3  24  100.0
 6  14  3  4  17  57  12  36  5  100.0
 3  11  4  3  18  34  81  24  26  92.0
 5  0  6  4  19  72  24  75  33  76.0
 3  9  2  4  16  41  67  5  32  100.0
 9  4  7  1  15  54  85  50  20  56.0
 0  5  9  1  15  75  35  22  58  32.0
 5  11  8  2  17  72  65  6  69  4.0
 1  11  3  3  15  39  28  78  13  100.0
 1  10  8  4  19  20  48  90  66  0.0
 9  13  9  3  16  61  50  32  72  8.0
 4  12  6  3  19  6  53  82  88  0.0
 5  7  2  4  19  32  46  87  30  100.0
 1  12  8  3  17  27  78  69  91  0.0
 5  7  5  2  19  2  21  12  27  88.0
 8  8  5  1  16  26  86  42  10  100.0
 1  9  6  1  17  28  83  57  40  60.0
 5  0  6  3  18  76  67  40  68  28.0
 7  13  9  3  16  31  73  5  24  48.0
 1  2  3  1  19  67  23  86  94  8.0
 7  4  8  1  18  27  60  66  52  24.0
 1  13  3  4  19  46  37  77  46  92.0
 5  12  5  1  19  23  64  39  65  28.0
 0  7  1  3  16  97  20  0  45  60.0
 8  0  6  4  18  49  54  40  49  68.0
 8  2  7  3  19  87  24  23  63  40.0
 2  7  6  4  15  74  40  11  68  12.0
 1  4  8  1  19  15  99  18  77  12.0
 2  14  7  2  15  46  52  92  12  64.0
 8  0  3  4  19  28  17  73  59  72.0
 4  14  3  4  18  47  34  55  24  100.0
 7  9  3  1  16  74  65  70  8  100.0
 2  1  7  2  18  33  11  62  37  60.0
 6  0  3  3  19  7  68  13  32  88.0
 6  8  5  1  15  37  91  43  5  100.0
 0  11  2  2  17  86  38  17  22  100.0
 5  2  3  3  15  58  96  25  22  100.0
 7  13  7  3  18  51  9  65  52  36.0
 7  6  6  1  19  96  39  46  9  76.0
 6  12  1  4  19  82  61  61  0  100.0
 5  0  8  3  18  2  91  45  76  16.0
 4  4  5  1  18  7  5  40  24  100.0
 6  10  6  1  18  31  58  7  81  8.0
 3  8  8  3  19  57  67  67  13  52.0
 8  3  8  1  18  58  49  99  66  36.0
 8  6  7  1  17  86  39  44  85  4.0
 5  13  5  2  17  75  74  79  73  0.0
 0  1  7  1  19  0  55  34  15  40.0
 1  1  7  4  19  38  48  29  48  36.0
 3  12  2  2  17  55  92  21  95  0.0
 3  0  4  1  18  15  96  2  44  88.0
 8  3  4  2  19  35  93  95  30  84.0
 7  13  8  2  15  78  70  21  6  68.0
 2  3  6  4  19  63  26  39  1  72.0
 0  1  7  3  15  41  25  44  13  64.0
 2  9  9  4  17  23  72  66  16  44.0
 5  14  1  1  19  9  24  64  37  96.0
 6  1  8  3  19  60  80  1  36  36.0
 4  11  8  4  18  32  95  34  52  12.0
 7  0  8  3  18  63  76  10  19  72.0
 2  6  6  3  18  53  33  66  38  48.0
 4  11  7  1  18  13  59  14  67  12.0
 3  2  9  3  19  61  68  84  62  28.0
 5  1  7  1  15  92  12  68  93  4.0
 2  11  3  4  16  95  91  65  35  100.0
 4  12  3  3  17  63  95  66  4  100.0
 8  5  1  4  18  22  43  8  47  68.0
 1  1  6  4  15  86  16  27  59  36.0
 8  3  7  1  16  54  29  32  54  40.0
 2  0  2  4  19  60  13  53  89  36.0
 5  3  7  3  17  14  88  55  54  32.0
 4  3  5  3  18  14  86  99  70  32.0
 7  7  3  4  15  14  77  10  31  100.0
 0  3  1  4  15  31  66  74  42  44.0
 5  12  9  1  15  73  5  6  20  40.0
 6  7  1  2  15  45  59  10  13  100.0
 5  4  1  4  18  42  37  34  78  32.0
 1  8  8  4  15  18  0  23  89  4.0
 9  4  3  3  16  26  19  10  48  88.0
 8  11  4  4  15  54  18  55  38  96.0
 7  2  8  1  16  12  68  17  3  64.0
 7  6  1  3  19  24  98  92  32  96.0
 9  12  1  3  18  46  14  44  24  100.0
 9  2  5  4  19  69  77  79  62  52.0
 9  13  6  3  15  11  97  24  75  0.0
 4  8  3  4  15  34  96  92  44  96.0
 6  13  8  4  19  2  78  12  28  44.0
 2  0  1  2  15  51  29  17  49  68.0
 0  8  8  2  18  46  80  73  92  0.0
 3  12  8  3  16  75  64  40  5  60.0
 7  8  7  2  17  21  9  57  81  0.0
 9  10  1  2  17  48  60  75  45  88.0
 4  8  8  2  15  29  49  28  6  64.0
 3  6  9  1  16  59  67  2  63  8.0
 2  3  2  1  17  50  66  52  30  100.0
 7  7  4  1  19  65  23  74  88  0.0
 2  10  5  3  17  52  18  69  62  16.0
 1  4  7  1  15  39  1  79  29  72.0
 5  14  2  3  17  39  70  27  82  0.0
 1  13  2  3  15  32  96  33  25  100.0
 1  10  8  3  19  36  23  92  96  0.0
 2  10  1  4  17  13  99  32  77  0.0
 3  13  3  1  16  27  12  68  64  92.0
 6  12  6  4  16  45  16  74  75  24.0
 1  6  7  4  15  97  12  8  40  36.0
 6  1  7  2  19  44  69  24  1  68.0
 0  5  5  1  15  21  93  93  56  48.0
 8  6  9  2  19  81  32  0  79  0.0
 8  11  5  2  16  3  21  43  92  0.0
 8  4  4  1  17  88  31  33  82  8.0
 9  2  9  1  16  46  81  55  70  16.0
 0  3  3  3  15  48  29  94  57  64.0
 6  11  2  2  18  23  19  25  40  100.0
 2  7  2  2  19  45  63  97  99  0.0
 7  2  3  2  17  0  26  58  84  40.0
 9  5  1  1  18  45  84  12  0  100.0
 5  7  1  4  19  66  54  42  71  36.0
 0  7  5  2  16  54  64  99  83  8.0
 0  4  3  1  17  7  75  55  43  88.0
 1  11  3  2  19  79  22  10  81  16.0
 3  9  2  3  15  31  69  12  87  0.0
 1  14  6  1  19  26  25  65  76  16.0
 4  9  1  4  19  72  61  85  71  12.0